2961
6
1747
2691
4373
545
405
1868
2522
2388
3147
4293
1265
3998
795
2541
4054
1198
2673
2237
4630
1214
200
2741
2095
3293
2895
1408
56
2510
4212
1701
1042
1917
4907
1456
124
4850
1381
486
1736
4442
2480
454
2657
1769
570
1423
3009
4273
2079
1475
4697
2494
992
4704
2824
3946
710
4036
3675
2087
941
4702
1624
1040
2135
2858
2464
2329
2950
638
3989
3902
4920
2306
3865
1232
3398
374
4195
1537
4067
4390
379
2962
4626
4931
456
2270
2659
173
808
2416
2929
1979
55
799
60
1819
480
4344
3891
2038
2295
2692
3551
4633
434
2455
509
1262
3099
3010
2373
4137
4374
1096
185
4919
1515
2637
4358
4190
1839
62
1657
372
1026
4574
2504
2623
170
1065
2874
505
4460
1121
4587
2120
619
3175
4982
4302
3679
4118
356
629
4487
2910
1712
2415
502
740
2390
833
1645
2055
2621
1970
262
4095
1226
4107
3103
1103
3992
2815
2258
1762
3953
3890
1824
3373
1066
4480
3790
3945
969
4225
2977
4795
3196
4830
4908
844
3514
1898
3793
402
1181
2919
1677
2049
3830
3647
4748
1191
1196
4750
387
2918
2521
4423
3737
4552
2102
440
468
4037
3170
3154
550
3979
2496
4472
3012
1993
811
1137
1361
1821
1957
2338
1234
4616
772
1374
3443
4105
852
721
1852
1759
1281
277
4639
4287
906
1660
530
4971
2722
4836
2609
501
1201
529
169
4582
2736
4307
3686
4407
806
2804
3476
2281
3389
431
2936
2311
978
3202
1665
4706
4455
943
1030
1209
1978
2778
1796
485
3039
3365
3346
3874
483
1976
2727
1506
3501
1013
2742
1958
2060
3593
1079
3361
368
1923
218
2051
1330
4401
1605
3368
4288
3418
1288
1850
2740
3295
1141
2317
3582
3614
2836
3412
3885
8
2676
1633
4852
1772
436
2048
948
3487
4414
4756
865
4995
263
3337
1559
830
3702
94
1384
4984
1249
696
243
2579
3459
1145
591
780
2321
3070
267
1075
3833
2342
3237
346
538
4513
731
2481
1709
1928
1621
4046
5
4396
1820
432
4246
1402
1420
3167
3353
64
4134
4061
2011
3329
4132
914
1748
1195
2238
1171
1798
3325
3133
1622
3467
2689
1393
3807
1693
2799
442
3174
4077
3504
276
1252
1160
4579
413
2809
4689
4854
1643
2752
4878
2743
3128
688
4741
2407
748
4471
2959
1305
4422
2747
1696
2412
2555
2236
572
1854
3696
1786
2057
28
316
3432
3834
1717
2350
4221
382
4136
2768
1071
1685
3050
1569
3037
3149
3071
4351
3086
1684
1413
221
2587
4139
89
1855
1022
548
4656
618
2358
1731
4444
1545
4106
2771
3025
26
2499
1689
4955
1848
2497
4096
4941
2250
3730
4279
789
3920
1337
607
4301
4625
4489
684
4003
1189
3273
1656
791
2761
4644
3429
3397
1279
3824
1708
167
9
3761
1127
373
4996
3841
3207
3910
3906
466
1450
4365
3596
3506
3003
3055
1161
1628
1616
4723
2784
3436
3926
3731
4726
4186
3802
922
1867
3190
3618
3882
4473
1675
4484
4251
141
1877
1391
4651
4993
729
425
526
4165
4286
191
2573
1339
2326
3434
2146
1303
809
3844
1698
242
999
3574
3684
4488
193
2376
3085
439
1623
344
666
1119
2721
2866
4607
3079
544
4485
3969
2995
4667
329
2073
1430
2354
2503
1286
75
2843
1781
49
1366
323
2008
692
2089
1460
2513
4150
4810
2790
3899
2777
2382
624
1223
1470
1599
3051
178
3140
2187
2864
3478
4522
101
4725
973
1432
1649
4399
2978
674
2560
982
1090
4064
1263
2206
797
1738
1617
4222
4946
148
269
975
2381
286
812
3499
48
903
1213
507
1241
986
820
2885
4213
4771
4827
573
3018
2487
2263
3320
1780
2604
2889
3043
4039
2015
1275
2352
3402
712
1597
3117
3349
2100
2660
2140
2583
634
4869
1224
1497
2273
3088
278
946
1318
2532
3760
1222
3471
4135
3773
2880
2177
2563
2103
1795
4278
197
118
4256
1458
2909
3584
2728
2805
4717
636
3982
1116
3097
2666
3681
3351
209
3277
3030
4379
514
2948
71
3734
2949
4050
1083
3892
2914
3023
47
2284
2245
3359
2427
4174
2570
4405
293
949
2491
4277
3864
3173
4255
3872
4718
4733
4308
3270
1277
189
1568
1682
1264
447
4606
4538
3473
4492
4566
4710
224
3668
1754
4970
3729
2000
2336
1314
3210
3810
4611
3370
4101
4028
4170
3494
3825
4209
1668
1724
3724
1148
2404
3363
1080
4868
408
602
4178
1571
4712
4208
2817
4406
3457
3391
4215
690
4965
3008
459
944
778
462
1015
1532
2076
249
1100
2701
2283
1911
549
4388
4008
3027
985
2869
2022
2992
4671
3780
2056
1342
366
773
4338
838
2368
4299
3090
3704
1896
716
4090
738
3482
4021
3763
3107
2040
2514
2640
3195
2025
2426
2075
3191
739
1411
3933
2126
4519
4837
1940
1469
2203
2069
3294
2235
1451
560
1335
819
2546
4516
3530
1115
847
4567
2217
4454
2024
727
5000
307
4693
855
1884
2363
239
4515
2827
4019
1403
1860
4131
3938
3456
3600
4565
1663
2920
2915
3770
2007
4610
3589
3936
2435
4232
2010
1138
1503
11
1401
741
4326
2697
3808
2642
2113
685
4254
2046
370
1003
4080
2104
1650
3757
16
4078
850
1502
954
672
225
4541
106
966
3498
236
577
2645
4980
4823
2648
1600
3991
3472
53
125
3372
657
3352
853
4490
4708
4890
4082
4126
257
3411
3056
1994
4323
41
858
4583
490
153
1735
4679
3414
1215
4400
2571
2584
770
1746
3146
3792
3162
766
1183
2223
4500
268
2882
2939
4709
1604
4099
3141
4933
2430
4832
182
556
1327
1495
1919
3949
3697
1567
4543
3749
2209
2405
4959
1862
3550
4015
1834
839
934
3796
2411
923
63
2408
4511
2934
3408
2291
546
99
1347
4604
4333
3717
1518
3288
640
2082
1711
452
201
3639
2552
3743
1700
3518
2764
4346
3544
523
2445
3360
313
2517
1666
3744
1091
3745
3880
1062
2458
240
1050
4528
1417
874
3625
2447
3420
1648
1049
3328
3067
3628
290
1208
1800
2383
1626
3876
2277
4370
1064
1801
2059
751
3967
475
2559
4930
1814
3333
157
2253
4097
3321
3435
863
1608
4448
782
4076
4731
724
1490
930
2067
3257
406
4177
1528
2887
1131
3253
3739
1827
412
4119
2636
428
2054
1261
4885
1233
568
503
622
69
2958
2174
80
1983
395
4461
301
410
4829
2068
4020
4988
2900
2644
4734
1297
506
1730
870
2401
1755
961
4163
2234
1287
1499
1152
790
3552
4921
1588
1920
2062
2729
2856
1072
2519
295
1527
4727
2850
1117
3656
4520
3319
2831
1972
2327
1052
4502
1778
603
2946
1112
1427
3466
1352
2322
3455
3748
4353
1939
752
677
2535
705
2598
745
2018
4688
4744
4902
2471
1875
4925
2652
3507
4114
746
190
1703
449
1829
1579
1751
3348
1936
104
3728
4863
4698
3789
4660
1406
2873
2420
979
4738
3306
444
1526
1552
3255
217
1034
247
1784
2798
4912
1081
4526
3799
3464
2158
3663
891
2904
102
2304
4464
2554
2800
3394
1218
3615
2647
4371
3716
172
1787
1549
4377
2165
994
3942
2789
156
611
2044
2738
1542
615
2679
2470
4493
604
2715
4501
767
2013
2868
2106
4650
1636
2088
2220
3236
3063
2972
319
1627
1625
1302
4928
3733
3132
363
4753
4491
1704
995
3127
2460
2394
1309
4446
4860
88
3803
1805
1471
4814
2369
2664
3835
4916
1779
36
2894
1885
816
1133
2812
3650
3250
4747
3449
4763
1845
1448
703
1135
4172
3251
4109
998
3225
3044
264
4592
2542
397
1523
4806
1563
4411
574
4714
235
258
4265
3765
281
3546
158
388
1139
1581
4803
3691
1085
2860
4385
3045
3189
599
2731
1686
3997
348
955
4104
2533
3024
1962
2957
3786
2616
2658
2543
2814
381
251
180
2274
2150
1540
2493
801
2842
4524
3784
1933
337
987
1561
2065
1396
299
3752
2164
3753
1480
4486
4218
2544
3517
2797
2434
2501
1484
4117
4609
3278
325
4605
477
4636
4017
1882
203
594
4317
3832
1758
4434
651
2982
2020
479
2261
4784
3347
3867
4948
4410
245
1857
1482
1534
4413
3602
2425
4451
3831
2668
2656
2580
4121
983
2693
1358
3316
2189
3819
376
3528
4580
4560
4428
781
4882
760
4435
2564
1282
1587
788
2639
3927
4340
842
2588
579
1719
4185
4216
2083
4361
2903
4071
2591
2498
3512
921
3962
784
4826
2279
2286
3579
4888
4762
3396
1255
728
2166
2442
3571
3847
609
4014
1880
1744
4783
1441
302
4467
1341
3022
3975
4404
2531
3617
2098
340
4855
1771
1099
3468
1849
2576
3657
1536
1372
3491
3567
1639
4685
1455
1110
2027
4069
2830
4033
1005
1584
2633
4798
3268
1753
3422
3041
2397
2529
4963
90
3740
2524
610
2262
3532
4348
255
4155
972
613
2893
1509
4672
2926
3861
1147
1162
1799
3629
4600
3134
2310
4966
4514
2653
2703
3425
4994
920
1046
3177
4535
2433
4240
297
3322
886
4877
608
4432
3493
3610
575
1229
4713
4903
1461
1104
3483
1017
437
1905
3889
3887
935
4408
494
4675
4364
1468
871
1433
1635
1971
656
1106
3358
3341
259
3534
675
1159
1483
3690
451
3928
2855
1699
4638
1914
1385
2159
4537
3580
4932
3323
3851
1904
1365
1362
3058
2769
2734
3815
3526
1718
1176
1027
1377
2661
3609
3977
1720
4073
3509
2349
4843
3951
4049
3259
3809
3959
3224
1295
1126
862
4603
3955
3756
1237
4219
3298
4060
3974
2816
4463
2195
105
4894
1063
566
4157
957
551
2603
448
3068
3688
77
1227
2323
2085
3978
4969
1293
2472
679
564
87
1669
4809
4525
4091
2173
304
2136
4468
3497
1211
2707
4581
1687
4063
3957
3741
3826
2246
4507
2839
4707
2710
389
1892
4068
4533
2981
1688
796
4356
4822
2846
1217
3064
1707
880
1225
3413
4153
3525
4179
3074
196
2147
52
3505
645
2955
3750
4608
555
3123
997
3578
3513
3403
536
3269
2612
1136
177
4479
2305
455
265
689
2473
976
4957
2726
2361
1105
4013
4262
1291
2665
3553
4044
4334
1851
4469
4167
1907
2017
3904
951
2325
4113
747
1965
1439
3613
2307
2681
815
1194
2014
4281
592
4700
3031
1691
1888
2773
1826
3791
1740
1765
2036
2332
3658
4796
2257
1172
4228
4336
29
3163
3172
617
4839
4977
288
4612
4792
4146
3583
4458
4260
2214
2619
3683
1259
3171
517
1271
4124
2459
4497
2278
3366
4445
1415
2515
3932
4856
1594
616
3581
4341
4937
484
3715
3720
4722
3211
4352
1016
3034
2092
2786
3424
2932
315
925
4986
4147
3066
3622
378
660
1452
4110
3098
3555
4613
3665
1909
3912
4239
3666
1555
2239
3983
4339
3958
2423
3049
2255
524
2737
261
334
912
4261
1205
4424
1614
2156
2884
534
1889
2152
222
1248
2440
1673
1418
1051
3634
4897
4815
2077
3192
3084
4206
3234
1742
2717
2980
876
1565
3142
4601
1511
1777
4130
4086
4263
4559
4275
3087
3297
3383
3654
4045
430
4257
4695
3993
4196
4051
4956
1741
271
1833
1037
1544
1325
1299
887
3014
1167
730
1247
1671
3560
4059
3599
2145
3094
4554
4162
2760
3711
2204
4834
1175
4899
990
2096
1590
1425
3922
4
1500
4032
3343
4691
2540
2484
1094
3755
3541
4690
4229
764
3862
4781
4949
3878
4393
996
2112
4759
2131
3963
1304
962
2907
4214
1068
3247
2227
2547
3028
4290
4800
1589
3893
919
2772
168
2596
3357
1876
2384
882
1084
2943
4547
380
2878
942
587
2677
1768
4961
1593
686
2185
1491
1397
1257
2219
2841
2379
3860
3984
4589
74
2756
314
582
851
3572
3315
2335
3866
2749
4715
3624
2232
682
3954
3291
4621
4038
3164
2999
4799
1221
2820
557
1828
2224
1883
1190
776
2650
4737
21
3000
1276
567
552
1714
2424
699
2581
1061
4151
3667
4211
4954
4618
3015
188
4112
3521
1494
2758
1364
4122
1652
4875
3096
4518
2367
3970
2714
1125
2138
144
4357
4529
4997
4325
2066
15
1874
2422
2700
2724
2512
186
890
3939
1231
3254
1349
669
4828
4508
17
4142
2976
3923
4369
4116
116
2518
25
1705
723
569
2527
2720
40
1246
3908
4687
165
1921
500
2492
4311
1750
1881
2149
1177
1522
4987
1187
4641
135
1729
4350
4141
4768
3700
1613
3138
3662
1782
2148
2231
652
708
2240
92
4481
4253
1444
4280
1165
1019
2628
1429
91
4967
3842
3732
540
924
2039
4161
2952
631
3682
2606
884
2757
802
205
342
3077
774
1268
4194
4362
3152
4904
4909
4065
204
1715
76
1356
424
1804
3995
1505
1638
3262
1995
2184
3052
3439
1154
2813
3130
1251
2614
1932
2016
119
3035
142
4701
2003
1095
678
637
725
1601
3845
1572
3490
3484
1089
1166
3305
4968
827
1998
1925
1654
4775
2825
2254
2142
471
3233
4149
2704
2622
937
2037
3113
3884
2026
2137
4975
1332
866
1948
2393
4924
2233
1560
4389
3330
4705
2862
4945
653
275
2723
1378
1294
179
753
4676
2004
4628
352
1539
3082
2116
4927
2169
3447
1580
2005
4844
1316
3811
734
1713
2400
1548
916
1637
4906
2719
2931
3689
2577
1574
1057
1930
3109
3871
3301
2744
1488
2861
4972
2198
181
3048
1870
687
2989
2508
2881
4536
4655
664
3489
4100
4285
3626
584
1070
4503
3410
3304
2967
2154
612
3469
2495
2974
1610
4274
1513
4820
641
2613
3332
3311
1280
3775
1367
1321
404
3345
588
333
2553
3204
3260
2506
792
3258
3641
3858
691
1272
1489
3703
2823
1595
984
3
639
1150
1733
1573
2940
3313
2244
3016
1564
1952
4360
3708
1421
2632
4846
3768
2935
763
3673
4176
1871
139
4865
3386
1310
856
3672
2125
2202
3461
3266
967
1680
1398
1319
2328
394
492
2386
3463
390
4040
4985
4417
2139
3854
4192
1716
4883
1789
4160
2687
1647
3638
2837
3921
114
3256
2070
3072
4879
3218
1220
1981
1118
1097
1344
2876
403
547
1292
4026
759
4881
1435
2675
2746
2061
1504
1858
3327
2276
3568
1376
4627
4555
3774
4316
4680
3151
1078
3308
908
3914
1140
2188
3145
4074
4658
2303
2428
3769
4790
3986
4029
287
3836
2600
1379
2567
628
4653
4557
3855
3036
3592
4081
2898
963
3646
1767
3400
3441
1836
3405
320
4478
3966
2449
1300
2806
83
1164
940
3606
2921
4960
2774
2684
4599
2963
2436
1872
2674
2432
1465
4859
3078
419
899
1732
4315
3597
2045
2318
2702
246
2339
4915
3566
1186
3601
3205
164
2241
233
202
4027
1832
2696
2911
3548
3558
272
2608
2071
2983
326
4203
3988
693
3375
4534
2968
3276
3559
2333
176
1478
1266
85
2243
4662
4313
3401
2832
4072
3485
2991
831
122
4936
1466
4900
2474
4576
303
1363
1562
4306
2732
3994
2713
2091
4002
3197
3838
2441
3354
3369
1903
1414
4876
2947
539
2194
2200
383
2690
3859
2356
1416
1910
1322
4848
2852
252
2678
953
1960
1612
2594
620
108
1067
2006
2906
126
4851
1351
823
2413
4724
2994
4376
1927
1997
704
3924
107
1935
4891
576
1999
4952
1661
3569
155
3377
4367
4466
3652
2748
4544
1219
1204
3395
1311
2205
31
4093
4439
226
2872
974
2686
4200
3714
1667
562
1235
3999
1525
1306
72
1710
2479
446
3814
289
2375
3104
1197
4296
4171
671
4824
1043
3713
2391
422
4154
595
1111
3800
4397
1982
4140
861
3314
3445
4499
667
3943
3692
4474
3392
2041
2953
2793
3875
232
3533
2627
926
3782
793
2337
3089
1607
2624
2124
4259
1334
3738
824
4617
357
3005
1073
112
3787
1312
1338
2389
1943
453
4546
3144
3430
2034
1530
3616
1546
1900
3153
2819
2466
2465
2745
3510
4327
3122
1947
3448
3423
2589
2193
309
1908
399
695
4632
3664
1345
2272
3112
1230
4041
4070
4009
4669
1577
1053
58
4992
798
4842
3114
597
4914
4168
3705
1058
3937
198
1380
2399
4862
4622
496
1269
121
30
1806
2883
4692
3340
625
3017
2421
965
2271
3897
3335
3143
2475
4368
3281
4562
3338
3598
888
621
3608
497
4551
2133
1059
4558
2260
2753
4098
3543
3523
2649
4665
3801
3279
2945
4043
2835
2355
4780
929
4175
3387
2163
3901
2287
50
1476
3695
971
3477
1575
2545
2956
1149
4743
4235
146
3726
4754
39
192
869
220
4430
3712
4475
2362
1891
2419
3965
2477
1419
2196
991
2767
1634
206
3549
1788
3161
3290
294
354
2181
769
3160
2486
3903
1009
2467
1615
4521
2711
959
2897
1102
2225
3442
4372
989
2615
1794
735
1695
4777
2033
472
4237
3565
3384
3576
533
4398
2374
1977
3148
2969
3516
936
900
3081
1041
4578
4861
438
1890
1437
1961
601
274
3006
1655
4294
694
649
3806
2153
4477
2808
2833
2875
633
1462
3905
4981
2208
1766
3176
889
2899
2951
3545
2028
2099
1683
4066
918
4272
4577
3648
1389
1056
4089
4449
4648
1014
2315
4438
3643
993
2569
159
553
4951
4018
4682
3948
1725
3754
1129
1844
1044
952
3964
219
3292
867
4496
4197
4191
133
2694
223
2118
1847
3660
3968
2395
1021
813
1002
2803
1931
2941
2289
3990
542
2688
1464
3206
306
676
4330
3735
4329
2266
598
2631
4271
1879
1723
593
1442
2844
312
1202
931
291
2002
2730
2439
3317
4939
4505
895
418
3126
2586
4561
846
4938
857
4042
3265
1370
4416
4324
4004
1157
2387
469
4436
4354
1289
510
3907
4964
4886
1944
3219
1538
127
711
1033
3723
3136
4120
2770
2775
726
298
244
3241
1946
521
1124
3631
457
3246
4276
4498
3280
1
98
2448
4801
4678
1463
516
2509
4234
3595
3227
4553
353
561
4441
3426
4282
3877
4684
335
878
1457
2924
2993
1011
1320
3187
1493
4901
1025
1449
2170
642
2705
2444
1749
2502
683
1811
2182
4729
4825
2780
4816
1864
1984
199
3586
4773
4629
504
2938
3640
1986
3199
4910
2296
4532
3777
308
4950
2505
2618
3458
1032
123
835
2093
4087
1856
2988
93
3334
2396
4661
4289
2801
4677
722
3155
4739
3168
1912
2901
3718
4821
2155
3284
1681
2996
458
1244
1004
4929
351
3216
3111
4010
3627
4831
3065
771
3759
1486
2923
2845
2429
1955
4942
4425
680
4573
4291
845
2410
3120
311
2892
4199
1031
1185
1937
2592
4872
441
1863
113
2682
632
2709
644
2908
1122
1756
1968
1076
3460
3230
2840
4421
4785
822
2751
3376
1757
3470
4991
2229
4115
3156
3382
1520
1763
4227
2417
1000
4145
4164
3287
4241
2226
1054
2859
1324
873
361
661
1837
2265
1672
3232
2896
4075
3379
3299
4312
1092
1074
3228
443
4349
4345
1422
4874
518
4772
3271
4864
2101
1459
3212
2343
470
214
2625
1447
4631
654
4024
1793
3863
800
3707
488
2922
810
495
1410
885
4922
2818
1630
1739
3296
828
65
4347
583
2127
24
2293
4550
3215
1479
4642
3011
964
4193
4295
4034
981
2525
3888
1216
701
2485
4953
392
3687
3083
4482
2294
3661
2256
3229
4811
4976
2973
2782
3588
4870
2634
3450
3307
1496
1985
3371
3676
4083
2438
3184
2191
3496
367
2288
79
1556
2207
719
1301
4962
4452
140
1906
1745
4808
285
96
910
2990
2776
4267
1840
4620
2090
216
3263
623
2635
10
515
4128
2297
2450
1670
1400
1207
4786
3492
4465
27
1770
3778
3852
4776
1996
95
4337
2347
2282
3556
3364
3213
68
647
512
3274
2216
3762
3336
3563
2716
2063
4392
519
848
4252
2357
2064
2372
3727
3542
3180
1535
2371
787
988
254
1250
1487
3671
3827
4570
1168
1182
565
1541
4545
1514
3935
327
4568
2739
762
658
3881
3540
4230
4858
945
2114
2561
3238
3240
1477
2781
145
3020
1253
3042
3678
2865
4645
2511
2927
3093
1404
3849
1558
111
3680
1039
411
4634
2314
3404
1679
4314
3061
3636
1887
3846
2863
4905
1924
1658
3075
4758
360
3252
1949
911
2053
531
4716
3917
4999
1426
3239
3941
3795
1144
4802
4730
2987
1846
42
4721
3488
1313
2144
2418
2871
4548
755
1722
1812
1107
1578
2414
3797
1285
4269
1428
1897
2230
2548
4320
1485
1966
1954
4853
341
1531
130
1566
3886
396
3150
1831
1807
4542
4774
2330
821
3331
3536
2360
3235
343
3828
4623
207
1473
3961
1524
2346
4138
2791
2655
82
3115
1697
3511
3350
2572
3209
4652
4384
1020
4058
3283
1328
4571
4761
208
211
743
3587
2599
1001
1508
3399
4048
4443
248
1336
1120
4813
4386
1274
1894
2348
4974
4585
493
1873
554
4746
4683
904
2344
1598
1412
761
384
4453
1446
2607
175
1260
750
3303
37
4359
3179
4250
3060
1963
4433
330
420
4476
3934
2030
2984
3925
3481
2461
231
4297
1240
3788
779
3080
131
61
117
3193
1702
3438
3564
33
136
2160
3417
901
1517
4840
1383
1108
1737
3427
4893
2167
4884
43
2582
2456
1519
2128
1631
4779
4703
1603
174
2641
2197
2186
1035
73
4391
2109
1156
386
4983
2431
2536
2821
4456
3883
1012
4173
2275
1547
4736
3367
3747
1173
4569
3214
3182
3312
128
2365
2199
2787
3108
4760
3823
4764
1934
4427
4657
511
825
4586
1350
3503
897
3621
4156
733
902
2970
1642
4437
2380
1467
241
1308
1445
1212
3437
3651
1331
59
161
4169
3220
4431
1816
1109
2489
1929
435
3310
590
2280
2870
417
1969
1298
2192
2733
2052
1006
4383
115
3381
2212
2585
4647
2117
2121
2888
1533
668
4332
305
2047
1835
1158
4887
1813
3850
4614
1077
2802
4210
350
3495
3194
4198
2122
3116
2718
4540
3940
697
1405
1543
1045
932
1913
336
292
1922
2562
2766
2468
1602
3722
1093
4085
2829
1254
3642
460
2409
4998
960
3013
1353
3820
3857
4342
2617
2454
347
1242
3527
4889
3158
3339
1726
3378
407
4794
1865
1267
3475
3674
4699
2392
2601
4258
491
296
103
4298
2023
2500
2792
1307
4654
4418
4094
2359
4751
3110
2032
4943
2242
1256
4494
4913
4805
3630
3178
1284
4745
3421
4419
4742
3289
481
4016
1392
970
3585
321
152
421
1174
32
2097
1901
3632
2009
2340
3623
2248
3118
3356
4506
3670
4728
498
4804
2755
803
228
3416
476
4797
1956
3409
3987
1842
1694
2130
2406
4470
4420
3502
364
3919
4247
2663
2078
160
3853
317
1620
3894
4248
3822
359
3594
3649
3226
736
3275
3742
283
4022
3603
648
907
2558
2530
2879
3135
3198
956
768
3019
4598
2708
415
2161
2551
1825
2094
237
605
2877
832
3181
4129
868
655
3519
279
345
14
2671
2695
66
2630
1818
4666
2463
947
3188
398
3766
4947
2629
4143
4791
1343
4012
4084
4242
596
1357
1492
3261
2201
1440
4220
4025
958
1582
253
2403
535
2353
1606
698
2937
4918
4871
977
3326
4593
2979
4180
4166
585
1114
1296
4504
4681
1967
4495
1038
1861
3758
3981
665
137
318
3121
4201
4838
1359
2669
2847
580
3380
2912
4819
3751
3159
586
150
754
1203
1878
2247
3390
4056
482
513
3200
1554
3798
1664
3817
409
1583
227
1653
1609
4770
4305
707
3242
2765
3725
3973
3524
2402
3590
2437
4512
2646
578
2086
2537
110
909
744
3976
913
4133
1228
3677
581
2998
3221
3655
3465
4767
4035
4283
1369
4001
1915
391
2221
3837
1941
1830
1512
2378
1592
4556
4148
3208
1611
3186
4584
3324
1179
2534
332
4841
2851
3069
3217
2575
358
4591
2483
2698
3870
4793
2031
4740
2807
2944
2986
558
461
1143
2108
3185
234
1692
2298
2111
13
2331
154
775
2523
4719
3522
4187
4382
2853
4637
464
2867
1618
4563
4845
1529
3040
4052
4321
836
706
1973
3106
4000
2299
1407
2975
3344
3047
149
1098
3818
2662
1651
1810
1060
2891
1926
3848
700
70
4202
1974
1815
879
1188
166
2997
4817
51
720
187
4674
4973
4057
2822
4412
1178
4223
2252
1086
3635
3779
950
4835
3203
4564
3002
1163
3285
817
2667
2171
46
3843
1576
4055
3537
659
1290
2251
4664
369
1047
4111
1761
2490
714
2115
1632
2482
3693
375
3794
3873
355
1424
147
3980
1169
2366
1395
1399
2172
1270
3856
1790
4673
2313
1550
2080
1153
2902
3896
2050
917
4182
4670
893
1024
3452
4602
896
702
527
3539
713
3139
1010
3719
4053
2549
270
3839
1346
1453
520
843
3996
4940
2670
670
4778
1454
44
3092
3895
3388
81
1866
749
4300
2462
3645
4159
4322
4752
1390
2925
2811
3302
2058
4898
1055
3137
2712
4395
212
2754
4596
4005
1942
473
1791
2886
2942
4457
4686
4217
1472
2300
4331
34
3701
4375
2443
3869
4483
2966
1436
3971
2168
349
1676
2610
19
4766
2651
151
1841
4833
892
1964
2964
4031
3479
401
737
646
3446
143
3813
3223
3440
2593
2788
4366
2557
3029
758
1258
864
1326
3486
328
2590
4847
229
4668
97
2794
4335
1238
4103
635
589
3419
1481
2151
1382
3428
2259
4450
1678
3282
100
2351
3183
4249
3879
3054
3407
3529
4152
1146
1975
4108
3124
4304
3431
1507
4624
3816
1329
3245
2035
371
1843
4896
3038
1991
3644
4944
2312
4789
2826
4318
3764
1706
4011
3575
4006
2672
681
3101
2520
4183
3781
4646
4243
2345
1155
2928
132
1069
3244
4549
1980
2072
4720
559
4224
2965
2763
1902
3100
450
1368
630
1170
1323
4079
4204
2913
541
3267
3637
331
1662
841
1945
3960
3709
2334
3201
4394
805
1438
2341
3804
2848
715
3783
2190
489
400
3805
465
4207
2019
2107
4363
2699
2578
2183
508
3057
22
3125
3053
1783
3406
1387
3059
4244
1210
7
2385
1987
256
4812
3415
1570
2324
2377
2157
3561
1371
4755
2905
1938
3669
4102
4663
2269
2081
1498
3515
3604
3868
3249
1838
4284
78
2783
4429
2954
499
1674
4788
785
2528
1859
2364
2452
210
1348
2654
2810
1774
463
429
1893
1501
4447
3840
1101
1088
742
783
3698
4268
4088
284
12
184
4640
1727
1008
3898
2683
3508
1028
1916
1283
3930
3612
2267
3272
1394
2264
1434
4818
3032
3776
1764
1586
4696
663
2320
4594
1036
2178
3453
1029
3500
45
571
3222
3362
1853
1409
2605
3685
3771
3916
4523
393
3264
2398
2626
3591
3619
3393
1521
2179
849
804
2620
4935
1317
3812
4440
4873
4978
4270
1386
1375
2890
3119
4590
4735
1775
3694
872
2105
1886
20
1192
4649
627
3821
120
2857
474
2215
2134
525
3462
1734
1817
1245
4527
1278
2043
365
3767
2301
138
2001
563
3165
109
1752
881
4030
3073
2526
3699
4310
2119
2960
1355
3956
4462
2129
2143
4127
4787
2469
3535
2110
1360
54
4144
765
1822
4510
1239
837
2176
385
1989
3091
4226
3950
1773
4062
4184
829
2854
3046
2180
2446
2735
3772
4531
2538
1585
4517
260
195
3433
1200
4266
1988
4355
18
4866
3444
2611
4911
756
4857
732
537
3076
2507
1180
614
2123
939
3169
4319
3909
86
3131
2476
643
905
794
1128
2
2917
4459
3309
2550
3243
339
183
4926
238
2933
3944
1640
757
2985
1134
4782
1333
4989
4958
194
718
662
4264
2316
2838
3985
894
2132
2370
2568
2285
3129
273
3021
2762
1130
2012
3520
377
2308
171
322
4765
2680
2638
3355
3480
3451
2565
3562
2643
2218
1646
3538
4990
3454
2602
626
1690
2795
4092
487
1048
3554
4539
280
4328
23
1644
4588
4387
3557
433
1557
4509
3972
2759
3746
522
57
2021
1206
35
543
4205
4381
1959
3026
3620
4711
1899
2302
1243
2453
3900
1184
1082
4595
4530
1809
2029
1869
2162
3102
2796
324
4181
4380
467
1123
4635
1087
4236
362
1728
2779
2971
4309
2457
2706
606
4979
414
1776
1792
3929
2268
927
1551
1018
1953
1721
3318
928
3931
129
1785
3157
877
1951
3659
1113
1199
4123
4619
3062
3706
3248
968
1797
426
2595
213
2210
1236
4694
2849
3342
1443
4303
1659
3095
3166
2222
3474
1992
445
4378
709
2478
4749
4807
4007
3653
3785
4409
423
4892
3605
2042
310
1760
4934
84
4188
2074
673
1591
1629
2566
4757
1340
1803
933
4402
3736
2249
67
777
3547
2750
898
3721
1388
2309
300
4597
1895
2556
4880
2828
3385
1142
4343
2084
4426
3710
1273
1315
2213
4245
1950
3231
38
2290
4917
1596
600
4643
1553
3952
4572
3918
2834
3911
4615
875
1474
4895
1510
1990
4403
2574
3915
4659
4189
840
1619
980
915
4575
4732
4292
650
1516
3033
1641
1823
4769
3531
3007
3611
826
3573
2785
427
3633
3947
134
2451
834
4923
786
807
4231
162
1193
250
3577
3374
3105
1918
4233
3300
814
266
1132
1808
416
3286
3001
2930
3607
3570
2228
2597
2516
3004
2916
163
478
1743
1431
2211
859
338
2725
2141
1151
4047
2685
528
230
2319
215
4867
532
938
3829
4415
282
717
1007
1023
854
2539
4238
4849
860
1354
1373
2488
4158
818
4023
883
3913
2175
1802
2292
4125